00001111110000010000010100010111
00000000000001010000010100010011
00001111110000010000010110010111
00000001100001011000010110000011
11111111111101011000011000010011
00000000001000000000011100010011
00000000000000000000111000010011
00000000000000000000111110010011
00001111110000010000111010010111
00000000000011101000111010000011
00000011110111101000111100110011
00000000000000000000111010010011
00000011110000000000000011101111
00000000000000000000010100010011
00000000100001010000010100110011
00000000000100000000100010010011
00000000000000000000000001110011
00001111110000010000010100010111
11111101110101010000010100010011
00000000010000000000100010010011
00000000000000000000000001110011
00000000000000000000010100010011
00000000100101010000010100110011
00000000000100000000100010010011
00000000000000000000000001110011
00000000101000000000100010010011
00000000000000000000000001110011
00000111111011111101100001100011
00000001110001100101011001100011
00000000000111101000111010010011
00000000000000000000111000010011
00000010111011100110110100110011
00000010111011101110110110110011
00000000000011011001010001100011
00000010010000000000000001101111
00000000000011010001010001100011
00000011110000000000000001101111
00000000000001010001110010000011
00000001100101001000010010110011
00000000001001010000010100010011
00000000000111111000111110010011
00000000000111100000111000010011
11111100010111111111000001101111
00000000000011010000010001100011
00000001110000000000000001101111
00000000000001010001110010000011
00000001100101000000010000110011
00000000001001010000010100010011
00000000000111111000111110010011
00000000000111100000111000010011
11111010010111111111000001101111
00000000001001010000010100010011
00000000000111111000111110010011
00000000000111100000111000010011
11111001010111111111000001101111
00000000000000001000000001100111
