00001111110000010000010000010111
00000000000001000000010000010011
00000000000001000010001010000011
00001111110000010000001100010111
00000100010000110010001100000011
00000000000100000000001110010011
00000000001000000000110010010011
00000010011100110100100001100011
00000000100011100000111000110011
00000000000011100010001010000011
00000000001000111001111000010011
00000011100100111110111010110011
00000001110100000101011001100011
00000000010110100000101000110011
00000000110000000000000001101111
00000000010110101000101010110011
00000000010000000000000001101111
00000000000100111000001110010011
11111101010111111111000001101111
